20
285
758
947
1273
1389
1678
1807
2095
2423
2746
3048
3198
3390
3694
3857
4193
4595
4619
5062
5121
5577
5853
5966
6295
6567
6891
6983
7227
7653
7844
8056
8393
8635
8846
9118
9363
9675
9757
9985
10440
10542
10856
11250
11446
11532
12002
12274
12539
12685
12961
13146
13557
13693
13978
14161
14475
14643
15006
15281
15512
15618
15881
16314
16600
16692
16998
17172
17548
17727
18161
18212
18475
18723
18945
19226
19478
19892
20081
20224
20481
20797
21050
21274
21624
21962
22241
22316
22644
22964
23111
23308
23724
24000
24165
24411
24712
24873
25151
25573
25764
26007
26289
26620
26730
27014
27261
27498
27840
28007
28341
28604
28904
29128
29240
29661
29770
30119
30255
30497
30896
31092
31478
31513
31814
32110
32348
32748
32798
33206
33469
33750
34021
34221
34367
34616
34978
35196
35328
35658
35918
36314
36410
36740
36871
37366
37572
37721
38054
38308
38651
38677
38953
39254
39545
39935
40072
40341
40674
40819
41188
41404
41593
41904
42057
42435
42611
42976
43069
43429
43572
43991
44224
44531
44667
44803
45085
45391
45680
46001
46192
46546
46831
46912
47133
47575
47664
47906
48201
48413
48821
48991
49202
49436
49699
50004
50277
50667
50902
51077
51264
51613
51878
52017
52322
52579
52950
53157
53473
53727
53965
54024
54362
54682
54817
55260
55532
55569
56043
56307
56454
56682
57045
57205
57470
57853
58004
58317
58387
58724
58973
59258
59541
59772
59936
60366
60601
60746
61069
61192
61574
61944
61960
62229
62480
62891
63055
63452
63709
63932
64194
64449
64710
64898
65027
65480
65631
65805
66289
66402
66590
67071
67102
67582
67668
67929
68351
68555
68715
69083
69309
69487
69707
70132
70271
70577
70757
71121
71194
71580
71914
71984
72431
72590
72839
73004
73269
73639
73882
74179
74427
74661
74984
75138
75281
75637
75791
76238
76433
76608
76842
77309
77397
77618
77824
78327
78432
78703
78967
79328
79420
79762
80014
80231
80554
80860
81065
81174
81427
81809
81966
82336
82674
82826
82967
83204
83650
83860
83993
84343
84589
84882
85149
85484
85526
85810
86163
86449
86593
86825
87262
87440
87750
87809
88200
88321
88576
88965
89303
89588
89716
89893
90202
90483
90665
90998
91199
91479
91668
92055
92369
92535
92878
93122
93260
93658
93831
94027
94359
94495
94905
95122
95443
95586
95831
96169
96427
96579
96944
97160
97519
97696
98001
98070
98473
98713
98978
99154
99467
99684
100082
100211
100589
100855
101100
101315
101511
101782
102132
102340
102610
102735
103166
103371
103517
103810
104025
104318
104610
104731
104963
105437
105582
105795
106180
106270
106750
106816
107114
107418
107621
107919
108049
108291
108741
108969
109144
109511
109650
109864
110181
110530
110788
110881
111224
111603
111735
112037
112183
112468
112833
112929
113319
113482
113883
114031
114306
114667
114841
115114
115310
115572
115749
115996
116387
116547
116888
117068
117331
117656
117841
118135
118424
118716
118835
119047
119393
119739
119870
120305
120475
120726
121033
121242
121479
121645
121903
122183
122451
122646
122919
123244
123547
123840
124088
124298
124440
124792
125150
125228
125482
125923
126126
126440
126718
126954
127155
127435
127582
127989
128024
128476
128678
129012
129207
129401
129704
129880
130111
130462
130573
130836
131270
131507
131828
131879
132168
132604
132817
132970
133256
133539
133775
134031
134147
134404
134833
135096
135217
135502
135703
135975
136416
136461
136747
136983
137353
137569
137729
138202
138280
138519
138893
139046
139284
139654
139948
140081
140522
140696
141024
141201
141397
141725
142070
142090
142409
142614
142960
143162
143484
143692
144082
144159
144400
144704
145126
145236
145419
145832
146007
146393
146615
146767
146994
147276
147510
147717
148035
148310
148550
148967
149180
149322
149523
149787
150250
150434
150716
150991
151193
151450
151763
151834
152077
152450
152807
152871
153276
153436
153761
153944
154132
154459
154835
155125
155225
155449
155876
156077
156316
156430
156737
156987
157186
157446
157932
158129
158315
158672
158922
159208
159268
159629
159848
160110
160281
160610
160922
161098
161517
161774
161810
162098
162338
162594
163048
163314
163538
163650
163952
164251
164380
164838
165031
165136
165418
165759
166068
166157
166469
166799
167161
167362
167578
167878
168178
168221
168627
168906
169079
169456
169559
169867
170060
170415
170696
170871
171091
171403
171615
171857
172245
172493
172734
172944
173269
173418
173632
174058
174124
174452
174701
175018
175315
175373
175634
175972
176176
176604
176797
176983
177173
177655
177831
177958
178232
178434
178815
179196
179399
179584
179753
180184
180410
180578
180785
181236
181348
181566
181924
182052
182353
182598
182874
183058
183504
183651
183849
184168
184438
184584
184889
185284
185466
185790
186010
186327
186489
186650
187088
187267
187578
187696
187969
188354
188548
188896
189171
189255
189649
189900
190142
190445
190628
190852
191069
191277
191552
191984
192254
192291
192568
192863
193060
193408
193605
193795
194099
194445
194624
194983
195117
195547
195791
196027
196113
196454
196697
196979
197222
197399
197675
197898
198331
198415
198773
198987
199421
199465
199732
199953
200233
200620
200852
201162
201424
201534
201948
202184
202488
202687
202767
203030
203465
203687
203841
204067
204511
204662
204846
205104
205552
205663
206006
206331
206407
206747
206891
207195
207442
207693
207977
208375
208569
208720
209114
209179
209435
209799
210064
210224
210473
210720
211078
211352
211573
211753
212042
212337
212545
212983
213200
213334
213519
213915
214173
214302
214597
214802
215185
215445
215643
215887
216114
216390
216619
216837
217108
217553
217835
217933
218316
218472
218874
218958
219180
219428
219768
219930
220304
220624
220824
220970
221422
221587
221817
222168
222357
222659
222859
223133
223262
223620
223838
224161
224354
224703
224868
225242
225432
225751
225995
226173
226366
226689
227026
227209
227387
227699
227946
228219
228493
228792
229005
229257
229411
229698
229937
230342
230542
230776
231067
231227
231488
231894
231996
232388
232500
232918
233132
233323
233610
233801
234111
234383
234750
234841
235134
235357
235622
235787
236044
236388
236793
236810
237190
237488
237568
237999
238245
238540
238677
238946
239198
239607
239780
240100
240333
240541
240696
240993
241321
241489
241770
241972
242338
242460
242875
243065
243312
243549
243880
244027
244262
244698
244789
245043
245286
245586
245781
246106
246469
246552
246852
247207
247517
247574
247939
248115
248381
248772
248892
249136
249431
249751
250011
250203
250432
250731
251110
251386
251638
251855
251914
252188
252509
252829
253111
253264
253633
253741
254205
254264
254492
254895
255212
255433
255739
255819
